$ANSIBLE_VAULT;1.1;AES256
38633362323638343133633262653330633939663639356164663039386663343437373236343432
3965623332663565636564363430613532333139613562330a363035346265303664636164316365
61343130366238316232643861393539653231336235316437643135383433613462353761313732
6466373635396231330a383532653331666663343931656366363634643038323863646136383439
37313462373633346634626564643235353964643066653236363435656438326139376662383433
66306566313764353164353564343262376466353738316461653662316235383166633332386334
38373735636561383861366235313165646133393231646462313738313539306433313461353030
33353837323830383763663266386561656163623432666161313832353236636339623130623361
34653831656664663237356431333961396533366130336463613139366332626338633861343761
62626437393766306666616631373035623138383835646666383464346535633035336533303566
61633139353532373265666339613633356338653336646639323764373534356534306261323838
31396435316164393563303663386463306234323838623538356435653664633330323037343762
38313865373536323134353135636262346661386437386530326566313433653261636336326136
37633462363635626162633234306532653535383735306463343465393230626666383465656435
38353332623338353937366138323736336334363933623536333131363134333864326431313462
64653734656439663730313931643030343236383039383766633862386162663136616133396161
39316333613932356262386435653763636534613938326439363538333439336139623562623137
34626133613666653539353532386435306134623133363862356631366361393132323937343831
63343238656637376635633236363763376532653065376530623436376237383364633733323933
34323963626562376633633764386364653136363031343163316234643563396532623138363736
36353133393939393730643837623737613531356134613161613662613133396334373465626238
32343565376434636234343763356337346537346434316163396664636663356262643339366161
34333435313662343762636165336361333634656466346465383264643039626262316264353732
36623733363462623130323764346635323166343437306336643161343437653831363031313039
35393130353465363932363033306263646335333963643761323430303764333938383839306231
32353338306434623230386531356636303136353266356532663139653833363035373230363165
33373530306665376564396435353638333761663330613037356266663736303234313361633563
31323034666161306432643261343163366463333536373962323036386439343730386236393035
34623363616635643039336639396266303833343365323665383562316331613764643032636132
66623434646137383237363261636439643439373135313663376635383334653838316565383331
32393130326163333733613865626163666564633761396631373366646361386236613662396364
30623465646538396337643838353964353161363437306437323134653761376437336638393563
65353136623631336363386533383035613735613063356238663635396234353961633838336164
36643264333230326332643364396662373162333032396531306334383565343138616637363535
62353135643236626433316662613666643437626330656236323435656561373438393464353737
61323438366631633435633330313530313730366439343035313531343763346237613333656436
35366335333034306439353430393830353062663738616136353538333964653637636162663663
36666435376266383033313964393434643566656635383262396537646334333661616230303839
65326638316561613565373131646638363235343561373166333836663035626632613237643731
31313630326631663863393134363334366261646638303732326437383464363730343133376138
61386165623631373264636538383261393033396563663535306232343936303563323363326266
66383963336663393965333132633234343334333262373661616263343633643334353936333833
38363634306534633232376631323334383362376138663162313232356636646166303932376334
36323430346631363563333136646665393964373938353436313730623435393961643564323131
66343636623938303732616639353739373831353537383162396463613466333535653165373939
30346438373130633766376633356661303732353736343861653930333438303530393031393638
66373035616132333766303938393137323362303231643334366431353235393964653137656335
32373665633466373635326265656538323065323534316165643237666136333363623734316433
62313733643732386639386434303565626335343265653532383433366461366161346235356230
38623362336336633830396532373735623962336566623563656134316233653065343034636361
37336566386234666234643833373036643837326161393763376536313432373133383365366362
35323363306666373066313735316633663335633631336430333036633963386439353538353365
64373864646434623066373463313661643331326537333032633631646236336165326133303135
66643034646135663330376539313937356334636665343462303464343366643439313135636337
38363335383865663534653930346363323966643137353064353066326433303439303730346435
61396265366463623538326130663632626661363033303838303835313439343361386235373436
37353138363033616239343065613630623864373331353434353566383039623535653462333130
36616266306238626337373531333061323864316164616533343434303465333133376264653763
34393463363137313366306631383033336464326435623933383266663230346230303866616130
66653764653032666137656239666562376664646638323930386565363532393662333766356134
36366464313134363631653533393032646334386537323262303233666136633537336237613137
64353364626564643233393435663866323932366261396535316334366534346433366231303930
31323933613638643262396333333566333130313964643931623830313664326165653930336566
34313439313039343739633438623139323966656336326265303535316664636464373062663765
35363964663936646235623661336631333665663262633562396263393165616532353463363239
64393063343363316563333339613838313335633963333539663835613363616533643031363263
63323838663565396363353435646565363162373461666536313435623538613264363232626533
65326634343563376265626438356566636261633538343864613264656637656333353734366236
34623830306234336465333562326338643030623132323733303565376264626533656534633565
31306530313232343836396134393437326165643830643831643937323135643338656666313239
62623766616265343736646337316439653634636161303831666535376639383437383337373339
61313766653565393633323765616262663364363531376264653562393932336439303438376633
64396136393135643832366539666638313162373237336162653265623364653864666638346539
33636666666535623834653364346634643535653335363433366634346639353439316561343764
64626265393332633434373136643364326430613938373833643262623439393735356636373361
64336535343634396533373838333139373435616230323262653732633462313866373335313232
35393137626666663433346232626431343036346532373439333365316638613062653563343563
64363261373663343238336331343234653364303333303236376139613232653936366564336438
36613161316464616138323466343331383239326633633732336631333735333930633133626237
39643935396666623232623364613331653161616638666563323232303036363065376165646238
34626637343834633936363433393835663538643635616235393663303266386164616437373539
30663763653666343237636565353664386530616464646533626664613431373161643661623136
64653066353133373263656235626638343638363633396161646164376534663162346566386534
32623835393033303338396632656133613634653838616666333361363336623139393430363134
63643930663563303262393539376635376362313662613939393930363030666666376238326661
35366562386434356632613166343030663534356134663830333963353032393564353836343164
33653331666534383033393230366139343766363538326636366331613137373035313935613533
62623434343631343336346461636334313663326635363738653437336663663263303231323932
37323836346665633062303530333932343838353662343162316164656537323761353136383632
61346366643866656366323836343830613866363935363032383662326632396362306465613261
61383335333436323834643366623462613366383463646164633437343937383461653463313337
37313266363766336139343663306532643238343638396162656365303033613930333836373330
66373731396462646464323538343339666437383930326165653536373138313135666232363664
62633866333937626636356166336438346239326436643830316136663436313130393362623465
65373566323363363361366566613536373961616162346631303061613563646633636164356432
61356361376264366266303664326232343662613966636263643436356134613331316638646533
35326239356130663764306564323830313435656530306263646136626363376431383639393433
39336265613836333035663036623531633031653733376630633035353330613033643262366662
63653033636337323130613637616334343162613431383636653164313831333631303163626664
38663262353831646238393830366437336638376131336665363732313066386534646431346537
33643032333736323865623235643862336530646663636236353662373032663034386436386238
66653933316662353233373761376464333238663334343834623163356561343231616131346437
66616439636136313639373464656639316366343736373634356432656330356562313330326462
33333630316634663539373733326138303837626164363031383663356265333235373861313063
63336138653335393334396430306566356561393066346262623639333730373831343466373762
30363165323731653530623938653463636631666263626439643765643866343634613862613162
35343064346436396234633736393332386664396536623361306364666462326366333865333434
64653465353738386636353035323139353838343436346631646139396633363438353239383039
61656339363836646631386438623638363563643561336566613836343564356465336339363531
65326139316165393365306261396563363864393665303430366361306233336338323038323231
33313561333735643936316535316362623062306633323737353233396538623237316131643330
32633534353461306636636563313262643266653631386430336439303463373461396437643237
34363465313634333261343665343537666435616661666539643337326232663861656562306237
34376537343761636261626534376433303336626563343362373733396431306230393634363738
63383532646335333136653363333565643431333266366435646161653137633335623264343737
34636366323832343938653539343130666531343735653939383161303461316638336564613031
61326338373530623465623834383833386531333031333132336231356432353665396166626530
61626237626131303236616536626266353333633966653531346335346438326136653535313366
66326463643733313232346462653038646633616330653366393165643032323433343433363865
65623866386666376662356566616433663334643839376432626662653464356238373061343433
66323537316464313532393565353633356466316532666430353936303234353034626137656536
62623162646235386462623732303765626435656331633662323734333633303039666164386333
31326665343934653764383766326336356332656636303063323233636439313332333830616461
31313863653364306566663635613162623363366662366532653533373033616666663534653363
32666238613461346235363237633766383461383533376638383433396138363461373737396237
33616333343036376434353434663266643237386463653432653934336537643836313833626462
65643936303161306162326664623330393234366337353730356361323733343066653333623965
32646431396433376265366261616130636538383864353034643538316233616436356534386234
32323934396338376330353732643837613264643732643931313863616161336263353061643133
63346266626237626561623866666339643232323265613761613461326338336539386237363230
37306235343630383362376231326631383464373831363731393331333738303439313935393863
34313562366265343939363732323264623962303332653234353333666166653835633831643237
65386466306431623333316465663663633530326237313335316132363636323837
